95
240.44147761673418 -16.022783249442114
165.84037922690686 -36.58741543769085
206.78361579116387 -47.42184873365608
185.40522939977308 -57.192524091308485
188.45771995005884 -102.58434152829454
178.4969110838107 -97.13673394730276
144.13329419338714 -90.8014469615357
168.31941384056205 -109.67063600807731
192.39975822200728 -126.18894553234561
235.81075939116954 -167.5693853346708
200.8457437190978 -155.87547013434772
101.98461919568422 -94.79151829069238
228.37547455350108 -227.71745600011235
147.39192904908538 -151.94587648878934
169.3806882148699 -196.90110530227338
198.7184001360037 -243.716763972403
51.67923599586783 -60.45548057068217
124.84530929454883 -160.83222251220636
103.73694102061256 -164.8343217129663
64.87279251476605 -110.39186577352427
83.04880467302934 -153.65391120894787
54.24481702809976 -106.39283767973706
113.18813242968082 -240.18609931938312
68.60966028969034 -157.27109314534366
62.68134578627047 -219.22265330558443
43.87430196039526 -191.51515552672777
11.001967290125322 -100.50691851141235
3.722138788621379 -15.132102394671563
-23.705954984179982 -181.8573466483934
-33.5669723124299 -204.82917578836827
-37.81981197490353 -153.975026081532
-50.58469074176247 -166.0908048941859
-75.15457034114826 -196.40406775154725
-69.38134824677323 -149.12671002324007
-52.394911447961334 -102.87158884467274
-246.32621849045273 -241.73283396494122
-129.25068356412368 -108.33460618552832
-93.23443228074424 -76.4242875576316
-243.02594655385911 -182.21547467526347
-150.63255846589024 -104.93404131112004
-91.79043481280675 -58.670334211070866
-176.9360133735068 -96.65594141664008
-191.38469634515604 -101.56828253884436
-65.2503311740168 -26.027428027522234
-174.28659176217354 -32.35513890478154
-52.700865664385304 -5.292906945622633
-247.94157635177515 -18.60584535184867
-107.32584510828968 0.23810776869487427
-175.95088398407455 20.569800005921707
-51.728871005963185 10.142557613645351
-245.71735622115082 58.68915547452622
-136.20292231477265 41.06209735543598
-90.46429969527964 42.11894384424505
-203.59633725401676 96.60747812715192
-147.03691312844745 87.12949232982942
-169.8308146874984 116.22933701144757
-145.04414020565622 110.55289761420698
-147.464503567899 120.75490609988248
-201.33374402222177 171.0831340335152
-69.73584543752676 68.95656019788328
-161.49336070509486 155.07859680038
-231.07329406293303 239.59141873336472
-180.85988492458364 203.24162694648953
-119.17340315882691 137.22982916536643
-161.55097930294798 199.11949071790895
-72.97161235671945 92.67566415520861
-145.2566451635015 202.46782031233818
-110.28892553684187 158.21271271473483
-135.39226248972136 229.70081382759543
-89.7694215492258 187.8426704549281
-52.786783186536184 148.04435035968174
-51.840878152033525 173.6296364586778
-36.74427621996341 133.90255910557647
-22.973481170244128 218.61839805678238
22.69354850956347 122.09855400587298
40.20701280841507 211.67821062699772
43.75931802171192 162.3290306256481
45.83811434064103 168.46538124865629
48.74648198495845 138.03581393954704
47.38713957329429 131.70377481399692
80.99563539016475 198.97229080092671
92.21823476482251 218.04042396378333
50.59275807828527 70.25080890672098
108.43015000472667 140.28067730286233
53.755457411633074 67.20204528329526
200.93165704735196 202.6216467238155
86.04901528725742 85.37993750901006
199.49067926243134 198.01219893498183
81.963284011224 76.99077247791718
173.7442537750037 151.96912679464606
198.49433937582592 73.42670462233133
195.9796022324473 40.97715590338544
171.1172734671635 32.368524655486965
181.33564159476293 29.75867738339531
34.57782655045969 2.5620622801755246
