240.441 -16.0228
165.84 -36.5874
206.784 -47.4218
185.405 -57.1925
188.458 -102.584
178.497 -97.1367
144.133 -90.8014
168.319 -109.671
192.4 -126.189
235.811 -167.569
200.846 -155.875
101.985 -94.7915
228.375 -227.717
147.392 -151.946
169.381 -196.901
198.718 -243.717
51.6792 -60.4555
124.845 -160.832
103.737 -164.834
64.8728 -110.392
83.0488 -153.654
54.2448 -106.393
113.188 -240.186
68.6097 -157.271
62.6813 -219.223
43.8743 -191.515
11.002 -100.507
3.72214 -15.1321
-23.706 -181.857
-33.567 -204.829
-37.8198 -153.975
-50.5847 -166.091
-75.1546 -196.404
-69.3813 -149.127
-52.3949 -102.872
-246.326 -241.733
-129.251 -108.335
-93.2344 -76.4243
-243.026 -182.215
-150.633 -104.934
-91.7904 -58.6703
-176.936 -96.6559
-191.385 -101.568
-65.2503 -26.0274
-174.287 -32.3551
-52.7009 -5.29291
-247.942 -18.6058
-107.326 0.238108
-175.951 20.5698
-51.7289 10.1426
-245.717 58.6892
-136.203 41.0621
-90.4643 42.1189
-203.596 96.6075
-147.037 87.1295
-169.831 116.229
-145.044 110.553
-147.465 120.755
-201.334 171.083
-69.7358 68.9566
-161.493 155.079
-231.073 239.591
-180.86 203.242
-119.173 137.23
-161.551 199.119
-72.9716 92.6757
-145.257 202.468
-110.289 158.213
-135.392 229.701
-89.7694 187.843
-52.7868 148.044
-51.8409 173.63
-36.7443 133.903
-22.9735 218.618
22.6935 122.099
40.207 211.678
43.7593 162.329
45.8381 168.465
48.7465 138.036
47.3871 131.704
80.9956 198.972
92.2182 218.04
50.5928 70.2508
108.43 140.281
53.7555 67.202
200.932 202.622
86.049 85.3799
199.491 198.012
81.9633 76.9908
173.744 151.969
198.494 73.4267
195.98 40.9772
171.117 32.3685
181.336 29.7587
34.5778 2.56206