56
51 -1033
57 -45
297 -45
373 -541
457 -49
709 -47
700 -943
841 -45
1100 -49
1233 -917
1231 -45
1500 -47
1560 -71
1621 -123
1700 -197
1673 -50
1873 -50
1953 -637
2035 -43
2565 -45
2569 -231
2403 -231
2399 -445
2567 -447
2569 -637
2401 -635
2400 -850
2600 -863
2600 -43
2789 -50
2789 -851
2943 -855
2947 -1035
2207 -1035
2213 -151
2065 -1033
1841 -1031
1739 -433
1721 -525
1683 -591
1625 -650
1750 -1035
1559 -1035
1467 -720
1427 -721
1425 -1037
1063 -1033
1045 -889
897 -887
879 -1039
509 -1035
509 -591
433 -1035
315 -1035
245 -583
245 -1031