1776
288 16
287 16
286 16
285 16
285 17
284 18
283 18
282 19
281 19
280 19
280 20
279 21
278 21
277 22
276 22
275 22
275 23
274 24
273 24
272 25
271 26
270 26
269 27
268 27
267 27
266 27
265 28
264 29
263 29
262 29
261 29
260 29
259 29
258 30
257 30
256 30
255 30
254 30
253 30
253 31
252 32
251 32
250 32
250 33
249 34
248 34
247 34
246 34
245 34
244 34
243 34
242 35
241 35
240 35
239 35
238 35
237 35
236 35
235 35
234 35
233 35
232 34
231 33
230 32
230 31
230 30
229 30
229 31
228 32
227 33
227 34
226 35
226 36
225 37
224 37
223 38
222 39
221 40
220 40
219 41
218 41
218 42
217 43
216 43
215 43
215 44
214 45
213 45
212 45
211 46
210 46
209 47
208 48
207 48
206 48
205 48
204 49
203 49
202 49
201 49
201 50
200 51
199 51
198 51
197 51
196 52
195 52
194 53
193 54
192 54
191 55
190 56
189 56
188 56
187 57
186 57
185 57
185 58
184 59
183 59
182 59
181 60
180 60
179 60
178 60
177 60
177 61
176 62
175 62
174 62
173 62
172 62
171 62
170 61
170 60
169 59
168 59
167 59
166 58
166 57
166 56
165 56
164 55
164 54
164 53
164 52
164 51
163 51
162 51
161 51
160 52
160 53
160 54
160 55
159 56
158 56
158 57
157 58
156 59
155 60
155 61
154 62
153 62
153 63
153 64
152 65
152 66
151 67
150 67
149 68
149 69
148 70
147 71
146 72
145 73
145 74
144 75
143 76
142 76
142 77
141 78
140 79
139 79
139 80
138 81
137 81
136 81
135 82
134 83
133 84
133 85
132 86
131 86
130 87
129 87
128 87
128 88
127 89
126 89
125 89
124 90
123 90
122 90
122 91
121 92
120 92
119 92
118 93
117 94
116 94
115 95
114 95
114 96
113 97
112 97
111 98
110 98
109 97
108 97
107 96
107 95
106 94
105 93
104 92
104 91
104 90
104 89
103 88
103 87
103 86
102 86
101 85
101 84
101 83
100 82
99 81
99 80
99 79
99 78
98 77
98 76
98 75
97 75
96 74
96 73
96 72
96 71
95 70
95 69
95 68
95 67
94 67
93 66
93 65
93 64
93 63
93 62
92 62
91 61
91 60
91 59
90 58
90 57
90 56
89 56
88 55
88 54
88 53
88 52
88 51
88 50
87 49
87 48
86 48
85 47
85 46
85 45
85 44
85 43
84 42
84 41
84 40
83 40
82 39
82 38
82 37
81 37
80 36
80 35
80 34
79 33
79 32
79 31
78 31
77 30
77 29
76 28
76 27
75 27
74 27
74 28
74 29
74 30
75 30
76 31
76 32
76 33
76 34
76 35
77 36
77 37
78 38
79 39
79 40
79 41
80 41
81 42
81 43
81 44
82 45
82 46
82 47
83 48
84 49
84 50
84 51
85 52
85 53
85 54
85 55
86 55
87 56
87 57
87 58
87 59
88 60
89 61
89 62
89 63
90 64
90 65
90 66
90 67
90 68
91 68
92 69
92 70
92 71
93 72
93 73
93 74
93 75
93 76
94 76
95 77
95 78
95 79
95 80
96 81
96 82
96 83
97 84
98 85
98 86
98 87
99 87
100 88
100 89
100 90
101 91
101 92
101 93
102 93
103 94
103 95
103 96
104 97
104 98
104 99
105 100
106 101
106 102
105 103
104 103
103 104
102 105
101 105
100 106
99 106
98 106
98 107
97 108
96 108
95 109
95 110
94 111
93 111
93 112
92 113
91 114
90 114
90 115
89 116
88 117
87 117
87 118
86 119
85 119
84 120
84 121
83 122
82 122
82 123
81 124
80 125
79 125
79 126
78 127
77 127
76 127
75 128
74 128
73 128
73 129
72 130
71 130
70 130
69 131
68 131
67 131
66 132
65 133
64 133
63 133
62 133
62 134
61 135
60 135
59 135
58 135
57 136
56 136
55 136
54 136
54 137
53 138
52 138
51 139
50 139
49 139
49 140
48 141
47 141
46 142
45 142
44 143
43 144
43 145
42 146
41 146
40 146
39 147
38 147
37 147
36 148
35 149
34 150
33 150
32 150
32 151
31 152
30 152
30 153
29 154
28 154
27 155
27 156
26 157
25 157
24 158
24 159
24 160
25 160
25 159
26 158
27 158
27 157
28 156
29 156
30 155
31 155
32 155
33 155
34 154
35 153
36 153
37 153
38 154
39 155
40 155
41 155
42 155
43 155
44 155
45 155
46 155
47 155
48 155
49 156
50 156
51 157
52 157
53 158
54 159
54 160
55 161
55 162
55 163
55 164
55 165
55 166
54 167
54 168
54 169
54 170
53 171
52 171
52 172
52 173
51 174
51 175
50 176
49 176
49 177
49 178
48 179
47 179
46 180
46 181
46 182
46 183
45 184
44 184
43 185
43 186
42 187
41 187
41 188
40 189
40 190
39 191
38 191
38 192
37 193
36 193
36 194
35 195
35 196
35 197
34 198
33 198
32 199
32 200
31 201
30 201
30 202
30 203
29 204
28 205
27 206
26 207
25 208
24 209
23 210
22 211
21 212
21 213
20 214
19 214
18 215
17 216
16 217
15 218
14 219
13 220
12 221
11 222
10 222
9 223
8 223
8 224
7 225
6 225
5 226
5 227
4 228
3 228
2 228
1 229
1 230
1 231
2 230
3 229
4 229
5 229
6 229
7 229
8 229
9 229
10 229
11 229
12 229
13 229
14 230
14 231
14 232
15 232
16 233
16 234
16 235
17 236
17 237
17 238
17 239
17 240
17 241
17 242
17 243
16 244
16 245
16 246
15 247
14 247
14 248
14 249
13 250
13 251
13 252
12 253
11 253
11 254
11 255
10 256
10 257
10 258
10 259
10 260
10 261
11 262
11 263
12 264
13 265
13 266
13 267
13 268
13 269
13 270
13 271
13 272
13 273
13 274
13 275
13 276
13 277
13 278
13 279
12 280
11 281
11 282
11 283
11 284
11 285
10 286
10 287
10 288
10 289
9 290
8 291
8 292
8 293
8 294
8 295
8 296
8 297
9 298
8 299
7 299
7 300
8 300
8 299
9 298
9 297
9 296
10 295
11 295
11 294
11 293
12 292
13 291
14 291
14 290
15 289
15 288
16 287
17 286
17 285
18 284
19 284
20 283
21 282
22 281
23 281
24 281
25 280
26 280
27 280
28 279
29 278
30 278
31 278
32 278
33 277
34 277
35 277
36 277
36 276
37 275
38 275
39 275
40 275
41 275
41 274
42 273
43 273
44 273
45 272
46 272
47 272
48 272
49 272
49 271
50 270
51 270
52 270
53 270
54 269
55 269
55 268
56 267
57 267
58 267
58 266
59 265
60 265
61 265
62 264
63 264
64 263
65 262
66 262
67 262
68 262
69 261
70 261
71 261
72 261
73 261
74 261
74 260
75 259
76 259
77 259
78 259
79 260
79 261
80 261
81 262
82 262
83 262
84 263
84 264
85 265
85 266
85 267
86 267
87 268
87 269
87 270
87 271
88 272
89 273
89 274
89 275
89 276
90 277
90 278
90 279
90 280
90 281
91 281
92 282
92 283
92 284
92 285
92 286
92 287
92 288
93 289
93 290
93 291
93 292
93 293
93 294
94 294
95 295
95 296
95 297
95 298
95 299
95 300
95 301
95 302
95 303
95 304
95 305
96 306
96 307
96 308
96 309
96 310
96 311
96 312
96 313
96 314
97 314
98 315
98 316
98 317
98 318
98 319
98 320
98 321
98 322
99 323
99 324
99 325
99 326
99 327
99 328
98 329
98 330
98 331
98 332
98 333
99 334
99 335
100 336
100 337
100 338
100 339
100 340
101 340
101 339
101 338
101 337
101 336
102 335
103 334
104 333
105 333
106 332
107 332
108 332
109 332
110 332
111 333
112 333
113 333
114 333
115 333
116 333
117 334
117 335
118 335
119 335
120 336
121 337
122 338
123 339
124 340
125 341
126 341
127 342
127 343
128 343
129 343
130 344
130 345
130 346
131 346
132 346
133 347
133 348
134 349
135 350
136 351
136 352
137 353
137 354
137 355
138 356
139 357
139 358
140 358
141 359
141 360
141 361
141 362
141 363
141 364
141 365
141 366
141 367
141 368
142 369
142 370
142 371
142 372
142 373
142 374
141 375
141 376
141 377
141 378
142 378
142 377
142 376
142 375
143 374
144 373
144 372
144 371
144 370
144 369
145 368
145 367
145 366
145 365
145 364
146 363
147 363
147 362
147 361
147 360
148 359
148 358
149 357
150 356
150 355
150 354
150 353
151 352
152 351
152 350
153 349
153 348
153 347
154 346
155 346
155 345
156 344
156 343
156 342
157 341
158 341
158 340
158 339
159 338
159 337
160 336
161 336
161 335
161 334
162 333
163 333
163 332
163 331
164 330
165 329
166 328
167 327
168 326
169 326
170 325
171 324
172 324
173 324
174 324
175 324
176 324
177 325
178 326
179 327
180 327
181 327
181 326
181 325
181 324
181 323
180 322
180 321
180 320
180 319
180 318
180 317
180 316
180 315
180 314
180 313
180 312
180 311
180 310
180 309
180 308
180 307
180 306
180 305
180 304
179 303
178 302
178 301
178 300
179 299
180 298
180 297
180 296
180 295
180 294
180 293
180 292
180 291
180 290
180 289
180 288
180 287
180 286
180 285
180 284
181 283
181 282
181 281
181 280
181 279
181 278
181 277
181 276
181 275
181 274
181 273
181 272
181 271
181 270
181 269
181 268
181 267
181 266
181 265
181 264
181 263
182 262
183 262
183 261
183 260
184 259
185 259
185 258
185 257
186 256
186 255
186 254
186 253
186 252
187 251
188 251
189 251
190 251
191 252
191 253
192 253
193 253
194 253
195 253
196 254
197 254
198 254
199 254
200 254
201 255
201 256
202 257
203 258
204 258
205 259
206 259
207 260
207 261
207 262
208 262
209 263
209 264
210 265
211 265
212 266
212 267
213 268
214 269
215 270
215 271
216 272
217 272
218 273
219 273
220 274
220 275
221 275
222 276
223 277
224 277
225 277
226 277
227 277
228 278
229 279
230 279
231 280
232 281
233 281
234 281
235 282
236 283
237 284
238 285
239 286
239 287
240 288
241 288
242 289
243 290
243 291
244 291
245 292
246 292
247 292
248 293
248 294
249 294
250 295
250 296
251 297
252 297
253 298
253 299
253 300
254 301
254 302
255 302
256 303
256 304
256 305
257 306
258 307
258 308
259 309
260 310
260 309
260 308
259 307
259 306
259 305
259 304
259 303
259 302
259 301
260 300
260 299
260 298
261 297
262 297
262 296
263 295
264 295
265 295
266 294
267 294
268 294
268 293
269 292
270 292
271 292
272 292
273 292
274 292
275 292
276 292
277 292
278 293
279 294
280 294
281 294
282 294
283 295
284 295
285 295
286 296
286 297
287 297
288 297
289 297
289 296
289 295
290 294
291 294
292 293
293 292
294 292
295 292
296 292
297 292
298 292
299 292
300 292
301 292
302 293
302 294
303 294
304 294
305 294
306 294
307 295
308 295
309 295
310 296
310 297
311 297
312 297
313 298
313 299
314 299
315 299
316 300
317 300
318 300
319 300
320 301
319 300
319 299
318 299
317 298
317 297
316 296
315 296
314 295
314 294
314 293
313 292
313 291
312 291
311 290
311 289
311 288
310 288
309 287
309 286
309 285
309 284
309 283
309 282
309 281
309 280
308 279
308 278
308 277
308 276
308 275
308 274
308 273
308 272
308 271
308 270
308 269
308 268
308 267
307 267
306 266
306 265
306 264
306 263
306 262
306 261
306 260
306 259
306 258
305 257
305 256
305 255
305 254
305 253
305 252
305 251
305 250
305 249
305 248
305 247
306 246
306 245
306 244
307 243
308 243
308 242
308 241
308 240
309 239
310 239
311 239
311 238
312 237
313 236
314 235
315 235
316 235
317 234
318 234
319 234
320 234
321 233
320 232
320 231
319 231
318 231
317 231
316 230
315 230
314 229
313 229
312 229
311 228
310 228
309 227
308 226
308 225
307 225
306 224
305 223
304 223
303 222
303 221
302 220
301 220
300 219
300 218
299 218
298 217
297 216
297 215
296 214
295 214
294 213
294 212
293 212
292 211
292 210
291 210
290 209
290 208
289 207
289 206
288 206
287 205
287 204
286 203
285 203
284 202
284 201
283 200
282 199
281 198
280 198
279 197
279 196
279 195
278 194
277 193
276 192
275 191
275 190
274 190
273 189
273 188
272 187
271 187
270 186
270 185
270 184
269 184
268 183
269 182
270 181
271 180
272 180
273 179
274 179
275 179
276 179
277 179
278 178
279 177
280 177
281 177
282 177
283 177
284 177
285 177
286 177
287 177
288 177
289 177
290 177
291 177
292 176
293 175
294 175
295 175
296 175
297 175
298 175
299 175
300 175
301 175
302 175
303 175
304 175
305 175
306 175
307 175
308 175
309 175
310 174
311 174
312 174
313 174
314 174
315 174
316 174
317 174
318 174
319 174
320 174
321 174
322 173
323 172
324 172
325 172
326 172
327 172
328 172
329 172
330 172
331 172
332 172
333 172
334 172
335 172
336 172
337 172
338 172
339 172
340 172
341 173
341 174
342 174
343 174
344 174
345 174
346 174
347 174
348 174
349 173
348 173
347 172
347 171
346 170
346 169
346 168
346 167
346 166
346 165
346 164
346 163
346 162
347 161
347 160
347 159
348 158
349 158
349 157
349 156
350 155
351 154
352 153
353 153
354 152
355 151
355 150
356 149
357 148
358 147
358 146
359 145
360 145
361 145
362 144
363 144
363 143
364 142
365 142
366 142
367 141
368 141
369 141
370 140
371 140
372 139
373 139
374 139
375 139
376 139
377 139
378 139
379 139
380 139
380 138
379 138
378 138
377 138
376 137
376 136
375 136
374 136
373 136
372 136
371 135
370 135
369 135
368 135
367 135
366 134
366 133
365 133
364 133
363 132
363 131
362 131
361 130
360 130
359 130
358 129
358 128
357 127
356 127
355 126
355 125
354 124
354 123
354 122
353 122
352 121
352 120
352 119
352 118
352 117
352 116
351 116
350 116
349 115
349 114
348 114
347 114
346 113
345 112
344 112
343 111
342 111
341 110
341 109
340 109
339 108
338 107
338 106
338 105
337 105
336 104
336 103
335 102
334 101
334 100
333 99
333 98
333 97
333 96
334 95
334 94
335 93
336 92
336 91
337 90
338 90
339 89
339 88
339 87
338 87
337 87
336 87
335 87
335 88
334 89
333 89
332 89
331 89
330 89
329 89
328 89
327 89
326 89
325 89
324 89
323 89
322 89
321 89
320 89
319 89
318 89
317 89
316 89
315 89
314 89
313 89
312 89
311 89
310 89
309 89
308 89
307 89
306 89
305 89
304 88
303 88
302 87
301 87
300 87
299 87
298 87
297 87
296 87
295 87
294 87
293 87
292 87
291 87
290 87
289 86
288 86
287 86
286 86
285 86
284 86
283 86
282 87
281 87
280 87
279 87
278 87
277 87
276 87
275 87
274 87
273 86
272 86
271 86
270 86
269 86
268 86
267 86
266 85
265 84
264 84
263 84
262 83
261 82
260 81
259 80
259 79
258 79
257 79
256 78
255 78
254 77
255 76
255 75
256 74
257 73
257 72
257 71
257 70
258 69
259 68
259 67
260 66
260 65
260 64
261 63
262 63
262 62
262 61
263 60
264 60
265 59
265 58
265 57
265 56
266 55
267 55
267 54
267 53
268 52
268 51
268 50
269 49
270 49
270 48
270 47
271 46
271 45
272 44
272 43
272 42
273 41
273 40
273 39
274 38
275 38
275 37
275 36
276 35
276 34
276 33
276 32
276 31
277 30
278 30
278 29
279 28
279 27
279 26
280 25
281 25
282 24
283 23
284 22
284 21
285 20
286 19
287 19
287 18
288 17
289 17
288 16