196
124 -50
124 -45
135 -32
147 -31
155 -26
163 -28
172 -29
180 -39
197 -48
199 -52
207 -57
211 -61
231 -54
240 -54
244 -50
259 -60
259 -72
255 -79
248 -84
249 -90
242 -91
237 -94
240 -101
239 -106
247 -121
243 -122
239 -127
235 -122
228 -128
234 -140
235 -151
241 -149
249 -159
271 -175
258 -202
303 -228
309 -233
320 -232
326 -236
329 -233
343 -237
343 -242
352 -247
361 -246
365 -250
373 -250
387 -255
408 -251
412 -245
410 -238
406 -233
410 -222
418 -221
418 -239
427 -247
441 -245
473 -246
481 -239
479 -230
471 -227
483 -225
493 -218
502 -211
510 -208
521 -197
526 -197
535 -200
551 -195
554 -202
561 -204
556 -212
571 -216
572 -223
566 -228
565 -232
557 -232
535 -248
530 -267
523 -273
524 -280
516 -300
504 -300
500 -319
494 -325
497 -335
491 -338
481 -306
473 -318
465 -309
467 -300
487 -280
480 -276
441 -273
440 -256
432 -257
425 -253
420 -252
411 -256
408 -268
417 -271
419 -276
415 -276
412 -282
407 -290
416 -296
413 -306
423 -327
410 -343
407 -340
399 -348
487 -351
382 -358
381 -370
356 -386
336 -408
313 -426
301 -434
297 -445
281 -450
277 -457
270 -457
262 -472
264 -512
257 -528
255 -560
250 -561
238 -572
238 -581
219 -601
207 -602
198 -589
191 -562
162 -512
157 -485
143 -462
135 -438
133 -412
126 -384
131 -364
125 -348
123 -335
117 -338
117 -344
114 -354
103 -361
90 -363
80 -356
67 -344
60 -336
71 -334
82 -327
85 -319
72 -322
58 -322
53 -317
49 -308
55 -298
63 -297
75 -299
82 -294
89 -297
95 -291
97 -282
92 -274
89 -265
78 -259
79 -248
69 -245
69 -236
77 -230
82 -221
89 -226
106 -225
119 -203
130 -196
138 -182
147 -174
149 -165
158 -155
157 -149
161 -147
160 -138
168 -137
173 -132
174 -126
168 -124
162 -118
152 -117
143 -111
140 -80
146 -77
151 -69
145 -64
143 -57
137 -57
132 -51