136
1.0000000e-01 5.9800000e+00
2.1000000e-01 5.9200000e+00
2.7000000e-01 5.8500000e+00
2.5000000e-01 5.6200000e+00
3.1000000e-01 5.6400000e+00
3.1000000e-01 5.6000000e+00
2.7000000e-01 5.5700000e+00
2.2000000e-01 5.3700000e+00
1.9000000e-01 5.2700000e+00
2.3000000e-01 5.1300000e+00
3.8000000e-01 5.0300000e+00
6.0000000e-01 4.9200000e+00
7.2000000e-01 4.8200000e+00
8.0000000e-01 4.6900000e+00
8.0000000e-01 4.3600000e+00
8.7000000e-01 4.1400000e+00
8.9000000e-01 3.9500000e+00
1.0000000e+00 3.7700000e+00
1.1000000e+00 3.4600000e+00
1.2600000e+00 3.1400000e+00
1.5000000e+00 3.0000000e+00
1.5000000e+00 2.9600000e+00
1.3500000e+00 2.9800000e+00
1.4900000e+00 2.6800000e+00
1.4800000e+00 2.6700000e+00
1.3700000e+00 2.7900000e+00
1.4100000e+00 2.6300000e+00
1.4000000e+00 2.6100000e+00
1.3000000e+00 2.7600000e+00
1.2800000e+00 2.5700000e+00
1.2500000e+00 2.5500000e+00
1.1900000e+00 2.7600000e+00
1.1500000e+00 2.5900000e+00
1.1300000e+00 2.6000000e+00
1.1200000e+00 2.7800000e+00
1.0600000e+00 2.9400000e+00
1.0600000e+00 3.1100000e+00
9.1000000e-01 3.3300000e+00
8.0000000e-01 3.4600000e+00
6.9000000e-01 3.8600000e+00
5.3000000e-01 4.2800000e+00
4.7000000e-01 3.9700000e+00
4.6000000e-01 3.8100000e+00
5.2000000e-01 3.5500000e+00
6.2000000e-01 3.2700000e+00
6.2000000e-01 2.5900000e+00
5.9000000e-01 2.2000000e+00
5.5000000e-01 1.8600000e+00
5.8000000e-01 1.5500000e+00
6.4000000e-01 1.2300000e+00
6.0000000e-01 8.6000000e-01
5.5000000e-01 6.6000000e-01
5.2000000e-01 3.8000000e-01
6.8000000e-01 1.0000000e-01
6.3000000e-01 2.0000000e-02
4.8000000e-01 0.0000000e+00
4.0000000e-01 2.0000000e-02
3.3000000e-01 2.1000000e-01
3.5000000e-01 4.5000000e-01
2.9000000e-01 8.0000000e-01
2.3000000e-01 1.0200000e+00
1.9000000e-01 1.2700000e+00
2.3000000e-01 1.4500000e+00
1.9000000e-01 1.7000000e+00
1.4000000e-01 1.8900000e+00
1.2000000e-01 2.2300000e+00
9.0000000e-02 2.4400000e+00
-0.0000000e+00 2.8400000e+00
-9.0000000e-02 2.4400000e+00
-1.2000000e-01 2.2300000e+00
-1.4000000e-01 1.8900000e+00
-1.9000000e-01 1.7000000e+00
-2.3000000e-01 1.4500000e+00
-1.9000000e-01 1.2700000e+00
-2.3000000e-01 1.0200000e+00
-2.9000000e-01 8.0000000e-01
-3.5000000e-01 4.5000000e-01
-3.3000000e-01 2.1000000e-01
-4.0000000e-01 2.0000000e-02
-4.8000000e-01 0.0000000e+00
-6.3000000e-01 2.0000000e-02
-6.8000000e-01 1.0000000e-01
-5.2000000e-01 3.8000000e-01
-5.5000000e-01 6.6000000e-01
-6.0000000e-01 8.6000000e-01
-6.4000000e-01 1.2300000e+00
-5.8000000e-01 1.5500000e+00
-5.5000000e-01 1.8600000e+00
-5.9000000e-01 2.2000000e+00
-6.2000000e-01 2.5900000e+00
-6.2000000e-01 3.2700000e+00
-5.2000000e-01 3.5500000e+00
-4.6000000e-01 3.8100000e+00
-4.7000000e-01 3.9700000e+00
-5.3000000e-01 4.2800000e+00
-6.9000000e-01 3.8600000e+00
-8.0000000e-01 3.4600000e+00
-9.1000000e-01 3.3300000e+00
-1.0600000e+00 3.1100000e+00
-1.0600000e+00 2.9400000e+00
-1.1200000e+00 2.7800000e+00
-1.1300000e+00 2.6000000e+00
-1.1500000e+00 2.5900000e+00
-1.1900000e+00 2.7600000e+00
-1.2500000e+00 2.5500000e+00
-1.2800000e+00 2.5700000e+00
-1.3000000e+00 2.7600000e+00
-1.4000000e+00 2.6100000e+00
-1.4100000e+00 2.6300000e+00
-1.3700000e+00 2.7900000e+00
-1.4800000e+00 2.6700000e+00
-1.4900000e+00 2.6800000e+00
-1.3500000e+00 2.9800000e+00
-1.5000000e+00 2.9600000e+00
-1.5000000e+00 3.0000000e+00
-1.2600000e+00 3.1400000e+00
-1.1000000e+00 3.4600000e+00
-1.0000000e+00 3.7700000e+00
-8.9000000e-01 3.9500000e+00
-8.7000000e-01 4.1400000e+00
-8.0000000e-01 4.3600000e+00
-8.0000000e-01 4.6900000e+00
-7.2000000e-01 4.8200000e+00
-6.0000000e-01 4.9200000e+00
-3.8000000e-01 5.0300000e+00
-2.3000000e-01 5.1300000e+00
-1.9000000e-01 5.2700000e+00
-2.2000000e-01 5.3700000e+00
-2.7000000e-01 5.5700000e+00
-3.1000000e-01 5.6000000e+00
-3.1000000e-01 5.6400000e+00
-2.5000000e-01 5.6200000e+00
-2.7000000e-01 5.8500000e+00
-2.1000000e-01 5.9200000e+00
-1.0000000e-01 5.9800000e+00
-0.0000000e+00 6.0000000e+00