225
491 -643
399 -628
322 -598
254 -565
193 -518
160 -478
134 -431
118 -372
115 -317
127 -251
149 -198
178 -159
211 -128
257 -105
310 -93
384 -93
446 -109
496 -151
526 -195
540 -215
538 -297
522 -363
492 -417
411 -471
346 -480
273 -456
215 -397
193 -339
188 -282
210 -219
242 -181
289 -159
349 -153
406 -169
449 -206
473 -251
480 -315
451 -379
402 -415
360 -425
296 -405
251 -356
237 -301
252 -249
288 -214
334 -203
388 -219
425 -261
425 -321
395 -360
344 -373
298 -346
284 -316
298 -273
332 -247
371 -253
386 -286
373 -323
343 -330
324 -307
330 -290
345 -292
351 -307
366 -296
357 -273
327 -270
307 -290
308 -326
331 -344
373 -345
403 -307
400 -262
364 -229
302 -237
267 -278
267 -339
301 -381
351 -398
408 -381
447 -333
451 -274
430 -224
377 -187
308 -180
248 -218
218 -282
219 -338
252 -402
309 -437
378 -448
447 -417
490 -363
508 -283
487 -197
430 -144
343 -125
241 -153
184 -210
156 -296
163 -383
197 -449
259 -500
351 -540
420 -557
456 -577
490 -601
515 -597
675 -457
758 -423
793 -422
825 -433
906 -517
913 -508
903 -494
902 -457
915 -461
963 -416
985 -411
1024 -424
1043 -449
1053 -480
1063 -474
1070 -485
1063 -511
1049 -525
1118 -574
1168 -634
1184 -685
1169 -757
1130 -807
1118 -847
1117 -881
1109 -888
1091 -854
1064 -873
1034 -874
1080 -838
1058 -830
1001 -823
1063 -810
1042 -798
1002 -801
1025 -785
1073 -784
1044 -761
1022 -769
1001 -781
1023 -752
1047 -744
1073 -750
1103 -789
1144 -744
1154 -707
1137 -653
1092 -600
1039 -559
1003 -593
963 -595
929 -580
843 -659
822 -709
824 -732
917 -854
924 -856
933 -854
983 -830
981 -845
964 -857
949 -863
951 -876
992 -865
1009 -848
1017 -848
1009 -876
962 -894
1036 -919
950 -912
948 -919
974 -947
907 -921
887 -871
826 -790
793 -715
802 -664
839 -612
885 -574
901 -558
804 -469
768 -469
635 -557
637 -573
716 -716
724 -766
718 -822
702 -868
681 -917
719 -929
689 -941
716 -964
669 -954
693 -986
631 -959
612 -955
612 -934
641 -911
670 -863
680 -793
666 -719
639 -666
587 -596
544 -632
574 -763
594 -891
577 -893
603 -927
577 -931
598 -953
563 -951
574 -971
552 -963
503 -911
505 -894
537 -881
549 -810
525 -741